40
true -1.5 -1.5 2.75 -.25
false -1.5 1.5 2.75 2.75
true 1.5 1.5 2.75 -.25
false -1.5 1.5 -.25 -.25
true -.2 -.2 1.4 1.1
false -1.5 -.2 1.4 1.4
false -1.5 -.2 1.1 1.1
true -.2 -.2 1.7 2
false -1.5 -.2 1.7 1.7
false -1.5 -.2 2 2 
false .97 1.15 2.5 2.5
false .8 1.5 0.12 0.12
false .8 1.5 .5 .5
false .8 1.5 0.01 0.01
true .8 .8 .01 .12
false .8 1.5 .7 .7
true .8 .8 .7 .5
false 1.3 1.5 1.32 1.32
false 1.3 1.5 1.7 1.7
false 1.2 1.5 2.1 2.1
false 1.2 1.5 2.2 2.2
false .9 1 2.2 2.2
false .9 1 2.1 2.1
true .9 .9 2.1 2.2
true 1 1 2.1 2.2
true 1.2 1.2 2.1 2.2
false .15 .45 2.6 2.6
false -.15 -.35 2.6 2.6
false .15 .45 2.7 2.7
false -.15 -.2 2.7 2.7
true -.17 -.17 2.75 2.55
true -1.38 -1.38 2.6 2.2
true -1.3 -1.3 -.25 .4
false -1.5 -1.3 .4 .4
false -1.5 -1.3 .8 .8
true -1.3 -1.3 .8 1.1
false -1.3 -1.2 .21 .21
false -1.3 -1.2 -.1 -.1
true -0.2 -0.2 .2 .5
false -0.25 -0.2 0 0